10.7386222333,77.4459998608,0.537000179291
9.68028959076,74.6100001335,0.446999788284
36.4188012932,79.3529999256,0.489000082016
36.4199066015,84.3540000916,0.43799996376
36.1297631877,78.4960000515,0.450999975204
42.0022658819,78.4460000992,0.43399977684
33.1929591865,78.9779999256,0.463999986649
32.9940037028,76.7920000553,0.441999912262
35.5958993064,77.0220000744,0.434000015259
36.97753461,76.8770000935,0.43799996376
37.109618945,76.9940001965,0.472999811172
37.5351626185,77.6970000267,0.4359998703
37.3395230595,78.0099999905,0.436000108719
37.4611069662,79.9449999332,0.434000015259
37.2903368427,77.1239998341,0.448000192642
37.337312443,75.3469998837,0.432999849319
37.3384177513,77.2490000725,0.44000005722
37.3616292243,77.4979999065,0.447999954224
37.369366382,78.9349999428,0.458000183105
43.9011854431,79.1339998245,0.4390001297
43.9216336456,76.9210000038,0.434000015259
44.1393793694,76.498000145,0.468999862671
44.6970073779,77.8510000706,0.461999893188
44.9086739064,77.9279999733,0.438999891281
45.4674072232,78.4170000553,0.440999984741
45.6553096245,78.4899997711,0.450000047684
48.7043024123,78.6239998341,0.442000150681
52.7624416259,78.1349999905,0.444999933243
53.0006355522,77.9859998226,0.434000015259
53.1509574733,80.0799999237,0.44000005722
53.3532288817,76.9370000362,0.415999889374
59.535770538,73.728000164,0.416999816895
62.5317085302,74.3110001087,0.429999828339
63.008649037,81.1459999084,0.458000183105
64.7743789549,74.6440000534,0.423000097275
66.6837989444,78.3880000114,0.430999994278
66.7401696648,77.0550000668,0.424000024796
66.7479068225,78.4340000153,0.421000003815
66.7578545967,74.7990000248,0.421999931335
67.309956064,74.6209998131,0.417000055313
67.0977368814,74.6779999733,0.417999982834
66.7876979193,75.2130000591,0.430999994278
66.8893862776,75.3980000019,0.416999816895
66.7479068225,77.4760000706,0.418999910355
67.0745254083,75.4240000248,0.426000118256
66.9733897041,77.3229999542,0.417999982834
66.9562574263,77.3070001602,0.418999910355
66.9352565697,77.3989999294,0.417999982834
66.6716405538,75.1919999123,0.421999931335
67.0363922739,77.4179999828,0.417000055313
67.0341816574,77.4309999943,0.417999982834
67.0374975821,77.7460000515,0.417999982834
67.0761833706,77.7569999695,0.423000097275
66.9463096521,78.1720001698,0.424999952316
66.9219928708,77.5810000896,0.443000078201
66.9623366216,77.5820000172,0.421000003815
67.0054436431,77.6370000839,0.421999931335
66.8042775429,77.9549999237,0.426000118256
66.8153306253,77.6879999638,0.428999900818
66.7175108458,77.7479999065,0.422000169754
66.9109397883,77.6369998455,0.424000024796
66.9076238636,77.5369999409,0.421000003815
66.9148083672,77.8029999733,0.421999931335
66.9286247202,77.4989998341,0.423000097275
66.9330459532,77.7130000591,0.421000003815
66.5030810467,75.4090001583,0.419999837875
66.6434551936,77.5210001469,0.424000024796
66.7888032275,77.5099999905,0.424999952316
66.7899085357,77.4480001926,0.421999931335
67.5299124043,78.0379998684,0.422000169754
67.9399817624,77.7850000858,0.423000097275
68.0637762856,75.7990000248,0.423000097275
68.0317223466,78.1050000191,0.420000076294
67.9797728592,77.5769999027,0.421000003815
67.9897206333,82.5230000019,0.441999912262
68.0024316781,77.8880000114,0.424999952316
67.9913785957,78.1400001049,0.424999952316
67.9908259416,77.6099998951,0.423000097275
68.0029843323,77.754999876,0.421999931335
66.9341512614,77.6729998589,0.421000003815
66.7479068225,77.6949999332,0.417999982834
66.7423802813,77.621999979,0.420000076294
66.72745862,77.878000021,0.420000076294
66.7269059659,83.9409999847,0.455000162125
66.7412749731,77.7819998264,0.421000003815
66.7335378154,77.5930001736,0.421999931335
66.7329851612,77.7350001335,0.419999837875
66.7335378154,77.8129999638,0.420000076294
66.7407223189,77.6560001373,0.421000003815
66.7379590483,77.853000164,0.419999837875
66.8125673547,77.7520000935,0.419999837875
66.8855176987,75.6510000229,0.43499994278
66.577136699,75.3299999237,0.421000003815
66.9645472381,77.9720001221,0.424999952316
66.8954654729,77.8229999542,0.422000169754
66.8893862776,77.6459999084,0.420000076294
70.9066290862,76.396999836,0.420000076294
70.8143358479,77.6969997883,0.423000097275
71.0271076847,77.4409999847,0.422999858856
71.3852275553,77.618999958,0.419000148773
71.3797010141,77.4989998341,0.428000211716
71.3813589765,77.3460001945,0.417999982834
71.1774296057,77.4519999027,0.414000034332
71.3736218188,77.2239999771,0.416000127792
71.3868855177,77.1660001278,0.414999961853
71.3603581199,77.1579999924,0.418999910355
71.360910774,77.1960000992,0.419999837875
71.3343833762,77.1579999924,0.417999982834
71.342673188,77.2960000038,0.414999961853
71.3443311503,77.2599999905,0.418999910355
71.3437784962,77.2119998932,0.416000127792
71.3432258421,77.2300000191,0.415999889374
71.3432258421,77.2599999905,0.416000127792
71.3504103457,77.125,0.414999961853
71.3509629998,76.3109998703,0.40900015831
71.3481997292,76.5039999485,0.407999992371
71.352068308,76.3960001469,0.412999868393
71.352068308,76.3440001011,0.40700006485
71.3515156539,76.2869999409,0.410000085831
71.352068308,76.2829999924,0.40700006485
71.3526209622,76.1879999638,0.40700006485
71.352068308,76.2279999256,0.410000085831
71.352068308,76.4160001278,0.406999826431
71.352068308,76.2059998512,0.40900015831
71.352068308,76.1800000668,0.407999992371
71.352068308,76.2599999905,0.407999992371
71.352068308,76.381000042,0.407999992371
71.352068308,76.2339999676,0.40700006485
71.352068308,75.8040001392,0.407999992371
71.352068308,75.993999958,0.40700006485
71.352068308,75.9960000515,0.409999847412
71.3498576916,75.8000001907,0.405999898911
71.3498576916,75.9710001945,0.409999847412
71.352068308,76.1989998817,0.40700006485
71.3509629998,75.9600000381,0.411999940872
71.3509629998,78.4110000134,0.415999889374
71.3515156539,76.7740001678,0.414000034332
71.3515156539,79.3680000305,0.428999900818
71.3509629998,81.5759999752,0.414000034332
71.3509629998,78.2569999695,0.414000034332
71.3515156539,78.9610002041,0.431999921799
71.3515156539,78.8450000286,0.430999994278
71.3515156539,78.7660000324,0.430999994278
71.3515156539,78.8929998875,0.447999954224
71.3515156539,86.9279999733,0.455000162125
71.3515156539,87.7580001354,0.46799993515
71.3515156539,84.9110000134,0.453999996185
71.3515156539,87.4630000591,0.478999853134
71.3515156539,86.2049999237,0.463000059128
71.3515156539,84.3420000076,0.496999979019
71.3509629998,86.4340000153,0.450000047684
71.3531736163,86.4590001106,0.445999860764
71.3542789245,88.3129999638,0.446000099182
71.3548315787,83.5309998989,0.436000108719
